   1.0000000e-01   2.5667083e+00   4.9023497e+01   1.1800000e+02   0.0000000e+00   0.0000000e+00  -1.6406095e+00
   2.0000000e-01   2.5667083e+00   4.9023497e+01   1.1800000e+02   0.0000000e+00   0.0000000e+00  -1.6406095e+00
   3.0000000e-01   2.5667083e+00   4.9023497e+01   1.1800000e+02   0.0000000e+00   0.0000000e+00  -1.6406095e+00
   4.0000000e-01   2.5667082e+00   4.9023497e+01   1.1800000e+02   0.0000000e+00   0.0000000e+00  -1.6406095e+00
   5.0000000e-01   2.5667081e+00   4.9023497e+01   1.1800000e+02   0.0000000e+00   0.0000000e+00  -1.6406095e+00
   6.0000000e-01   2.5667080e+00   4.9023497e+01   1.1800000e+02   0.0000000e+00   0.0000000e+00  -1.6406095e+00
   7.0000000e-01   2.5667078e+00   4.9023497e+01   1.1800000e+02   0.0000000e+00   0.0000000e+00  -1.6406095e+00
   8.0000000e-01   2.5667075e+00   4.9023497e+01   1.1800000e+02   0.0000000e+00   0.0000000e+00  -1.6406095e+00
   9.0000000e-01   2.5667071e+00   4.9023497e+01   1.1800000e+02   0.0000000e+00   0.0000000e+00  -1.6406095e+00
   1.0000000e+00   2.5667067e+00   4.9023497e+01   1.1800000e+02   0.0000000e+00   0.0000000e+00  -1.6406095e+00
   1.1000000e+00   2.5667061e+00   4.9023497e+01   1.1800000e+02   0.0000000e+00   0.0000000e+00  -1.6406095e+00
   1.2000000e+00   2.5667055e+00   4.9023497e+01   1.1799999e+02   0.0000000e+00   0.0000000e+00  -1.6406095e+00
   1.3000000e+00   2.5667047e+00   4.9023497e+01   1.1799999e+02   0.0000000e+00   0.0000000e+00  -1.6406095e+00
   1.4000000e+00   2.5667038e+00   4.9023497e+01   1.1799999e+02   0.0000000e+00   0.0000000e+00  -1.6406095e+00
   1.5000000e+00   2.5667028e+00   4.9023497e+01   1.1799999e+02   0.0000000e+00   0.0000000e+00  -1.6406095e+00
   1.6000000e+00   2.5667016e+00   4.9023497e+01   1.1799998e+02   0.0000000e+00   0.0000000e+00  -1.6406095e+00
   1.7000000e+00   2.5667002e+00   4.9023497e+01   1.1799998e+02   0.0000000e+00   0.0000000e+00  -1.6406095e+00
   1.8000000e+00   2.5666987e+00   4.9023497e+01   1.1799997e+02   0.0000000e+00   0.0000000e+00  -1.6406095e+00
   1.9000000e+00   2.5666971e+00   4.9023497e+01   1.1799996e+02   0.0000000e+00   0.0000000e+00  -1.6406095e+00
   2.0000000e+00   2.5666952e+00   4.9023497e+01   1.1799995e+02   0.0000000e+00   0.0000000e+00  -1.6406095e+00
   2.1000000e+00   2.5666931e+00   4.9023497e+01   1.1799994e+02   0.0000000e+00   0.0000000e+00  -1.6406095e+00
   2.2000000e+00   2.5666909e+00   4.9023496e+01   1.1799993e+02   0.0000000e+00   0.0000000e+00  -1.6406095e+00
   2.3000000e+00   2.5666884e+00   4.9023496e+01   1.1799992e+02   0.0000000e+00   0.0000000e+00  -1.6406095e+00
   2.4000000e+00   2.5666857e+00   4.9023496e+01   1.1799990e+02   0.0000000e+00   0.0000000e+00  -1.6406095e+00
   2.5000000e+00   2.5666828e+00   4.9023496e+01   1.1799989e+02   0.0000000e+00   0.0000000e+00  -1.6406095e+00
   2.6000000e+00   2.5666797e+00   4.9023496e+01   1.1799987e+02   0.0000000e+00   0.0000000e+00  -1.6406095e+00
   2.7000000e+00   2.5666763e+00   4.9023496e+01   1.1799985e+02   0.0000000e+00   0.0000000e+00  -1.6406095e+00
   2.8000000e+00   2.5666727e+00   4.9023496e+01   1.1799982e+02   0.0000000e+00   0.0000000e+00  -1.6406095e+00
   2.9000000e+00   2.5666688e+00   4.9023495e+01   1.1799980e+02   0.0000000e+00   0.0000000e+00  -1.6406095e+00
   3.0000000e+00   2.5666646e+00   4.9023495e+01   1.1799977e+02   0.0000000e+00   0.0000000e+00  -1.6406095e+00
   3.1000000e+00   2.5666602e+00   4.9023495e+01   1.1799973e+02   0.0000000e+00   0.0000000e+00  -1.6406095e+00
   3.2000000e+00   2.5666555e+00   4.9023495e+01   1.1799970e+02   0.0000000e+00   0.0000000e+00  -1.6406095e+00
   3.3000000e+00   2.5666505e+00   4.9023495e+01   1.1799966e+02   0.0000000e+00   0.0000000e+00  -1.6406095e+00
   3.4000000e+00   2.5666452e+00   4.9023494e+01   1.1799962e+02   0.0000000e+00   0.0000000e+00  -1.6406095e+00
   3.5000000e+00   2.5666396e+00   4.9023494e+01   1.1799957e+02   0.0000000e+00   0.0000000e+00  -1.6406095e+00
   3.6000000e+00   2.5666338e+00   4.9023494e+01   1.1799952e+02   0.0000000e+00   0.0000000e+00  -1.6406095e+00
   3.7000000e+00   2.5666275e+00   4.9023494e+01   1.1799947e+02   0.0000000e+00   0.0000000e+00  -1.6406095e+00
   3.8000000e+00   2.5666210e+00   4.9023493e+01   1.1799941e+02   0.0000000e+00   0.0000000e+00  -1.6406095e+00
   3.9000000e+00   2.5666142e+00   4.9023493e+01   1.1799934e+02   0.0000000e+00   0.0000000e+00  -1.6406095e+00
   4.0000000e+00   2.5666070e+00   4.9023493e+01   1.1799927e+02   0.0000000e+00   0.0000000e+00  -1.6406095e+00
   4.1000000e+00   2.5665995e+00   4.9023492e+01   1.1799920e+02   0.0000000e+00   0.0000000e+00  -1.6406095e+00
   4.2000000e+00   2.5665916e+00   4.9023492e+01   1.1799912e+02   0.0000000e+00   0.0000000e+00  -1.6406095e+00
   4.3000000e+00   2.5665834e+00   4.9023491e+01   1.1799904e+02   0.0000000e+00   0.0000000e+00  -1.6406095e+00
   4.4000000e+00   2.5665749e+00   4.9023491e+01   1.1799895e+02   0.0000000e+00   0.0000000e+00  -1.6406095e+00
   4.5000000e+00   2.5665660e+00   4.9023491e+01   1.1799885e+02   0.0000000e+00   0.0000000e+00  -1.6406095e+00
   4.6000000e+00   2.5665567e+00   4.9023490e+01   1.1799874e+02   0.0000000e+00   0.0000000e+00  -1.6406095e+00
   4.7000000e+00   2.5665471e+00   4.9023490e+01   1.1799863e+02   0.0000000e+00   0.0000000e+00  -1.6406095e+00
   4.8000000e+00   2.5665371e+00   4.9023489e+01   1.1799852e+02   0.0000000e+00   0.0000000e+00  -1.6406095e+00
   4.9000000e+00   2.5665267e+00   4.9023489e+01   1.1799839e+02   0.0000000e+00   0.0000000e+00  -1.6406095e+00
   5.0000000e+00   2.5665160e+00   4.9023488e+01   1.1799826e+02   0.0000000e+00   0.0000000e+00  -1.6406095e+00
   5.1000000e+00   2.5665048e+00   4.9023488e+01   1.1799812e+02   0.0000000e+00   0.0000000e+00  -1.6406095e+00
   5.2000000e+00   2.5664933e+00   4.9023487e+01   1.1799797e+02   0.0000000e+00   0.0000000e+00  -1.6406095e+00
   5.3000000e+00   2.5664815e+00   4.9023487e+01   1.1799782e+02   0.0000000e+00   0.0000000e+00  -1.6406095e+00
   5.4000000e+00   2.5664692e+00   4.9023486e+01   1.1799766e+02   0.0000000e+00   0.0000000e+00  -1.6406095e+00
   5.5000000e+00   2.5664565e+00   4.9023486e+01   1.1799748e+02   0.0000000e+00   0.0000000e+00  -1.6406095e+00
   5.6000000e+00   2.5664435e+00   4.9023485e+01   1.1799730e+02   0.0000000e+00   0.0000000e+00  -1.6406095e+00
   5.7000000e+00   2.5664300e+00   4.9023484e+01   1.1799711e+02   0.0000000e+00   0.0000000e+00  -1.6406095e+00
   5.8000000e+00   2.5664162e+00   4.9023484e+01   1.1799691e+02   0.0000000e+00   0.0000000e+00  -1.6406095e+00
   5.9000000e+00   2.5664020e+00   4.9023483e+01   1.1799670e+02   0.0000000e+00   0.0000000e+00  -1.6406095e+00
   6.0000000e+00   2.5663873e+00   4.9023482e+01   1.1799648e+02   0.0000000e+00   0.0000000e+00  -1.6406095e+00
   6.1000000e+00   2.5663723e+00   4.9023482e+01   1.1799625e+02   0.0000000e+00   0.0000000e+00  -1.6406095e+00
   6.2000000e+00   2.5663569e+00   4.9023481e+01   1.1799600e+02   0.0000000e+00   0.0000000e+00  -1.6406095e+00
   6.3000000e+00   2.5663411e+00   4.9023480e+01   1.1799575e+02   0.0000000e+00   0.0000000e+00  -1.6406095e+00
   6.4000000e+00   2.5663249e+00   4.9023480e+01   1.1799549e+02   0.0000000e+00   0.0000000e+00  -1.6406095e+00
   6.5000000e+00   2.5663083e+00   4.9023479e+01   1.1799521e+02   0.0000000e+00   0.0000000e+00  -1.6406095e+00
   6.6000000e+00   2.5662913e+00   4.9023478e+01   1.1799492e+02   0.0000000e+00   0.0000000e+00  -1.6406095e+00
   6.7000000e+00   2.5662739e+00   4.9023477e+01   1.1799462e+02   0.0000000e+00   0.0000000e+00  -1.6406095e+00
   6.8000000e+00   2.5662561e+00   4.9023476e+01   1.1799431e+02   0.0000000e+00   0.0000000e+00  -1.6406095e+00
   6.9000000e+00   2.5662379e+00   4.9023476e+01   1.1799399e+02   0.0000000e+00   0.0000000e+00  -1.6406095e+00
   7.0000000e+00   2.5662193e+00   4.9023475e+01   1.1799365e+02   0.0000000e+00   0.0000000e+00  -1.6406095e+00
   7.1000000e+00   2.5662003e+00   4.9023474e+01   1.1799330e+02   0.0000000e+00   0.0000000e+00  -1.6406095e+00
   7.2000000e+00   2.5661810e+00   4.9023473e+01   1.1799293e+02   0.0000000e+00   0.0000000e+00  -1.6406095e+00
   7.3000000e+00   2.5661612e+00   4.9023472e+01   1.1799255e+02   0.0000000e+00   0.0000000e+00  -1.6406095e+00
   7.4000000e+00   2.5661411e+00   4.9023471e+01   1.1799216e+02   0.0000000e+00   0.0000000e+00  -1.6406095e+00
   7.5000000e+00   2.5661206e+00   4.9023470e+01   1.1799176e+02   0.0000000e+00   0.0000000e+00  -1.6406095e+00
   7.6000000e+00   2.5660997e+00   4.9023469e+01   1.1799133e+02   0.0000000e+00   0.0000000e+00  -1.6406095e+00
   7.7000000e+00   2.5660785e+00   4.9023468e+01   1.1799090e+02   0.0000000e+00   0.0000000e+00  -1.6406095e+00
   7.8000000e+00   2.5660569e+00   4.9023467e+01   1.1799045e+02   0.0000000e+00   0.0000000e+00  -1.6406095e+00
   7.9000000e+00   2.5660349e+00   4.9023466e+01   1.1798998e+02   0.0000000e+00   0.0000000e+00  -1.6406095e+00
   8.0000000e+00   2.5660125e+00   4.9023465e+01   1.1798950e+02   0.0000000e+00   0.0000000e+00  -1.6406095e+00
   8.1000000e+00   2.5659898e+00   4.9023464e+01   1.1798900e+02   0.0000000e+00   0.0000000e+00  -1.6406095e+00
   8.2000000e+00   2.5659667e+00   4.9023463e+01   1.1798849e+02   0.0000000e+00   0.0000000e+00  -1.6406095e+00
   8.3000000e+00   2.5659433e+00   4.9023462e+01   1.1798796e+02   0.0000000e+00   0.0000000e+00  -1.6406095e+00
   8.4000000e+00   2.5659196e+00   4.9023461e+01   1.1798741e+02   0.0000000e+00   0.0000000e+00  -1.6406095e+00
   8.5000000e+00   2.5658955e+00   4.9023460e+01   1.1798685e+02   0.0000000e+00   0.0000000e+00  -1.6406095e+00
   8.6000000e+00   2.5658710e+00   4.9023459e+01   1.1798626e+02   0.0000000e+00   0.0000000e+00  -1.6406095e+00
   8.7000000e+00   2.5658463e+00   4.9023457e+01   1.1798567e+02   0.0000000e+00   0.0000000e+00  -1.6406095e+00
   8.8000000e+00   2.5658212e+00   4.9023456e+01   1.1798505e+02   0.0000000e+00   0.0000000e+00  -1.6406095e+00
   8.9000000e+00   2.5657958e+00   4.9023455e+01   1.1798442e+02   0.0000000e+00   0.0000000e+00  -1.6406095e+00
   9.0000000e+00   2.5657701e+00   4.9023454e+01   1.1798377e+02   0.0000000e+00   0.0000000e+00  -1.6406095e+00
   9.1000000e+00   2.5657441e+00   4.9023453e+01   1.1798310e+02   0.0000000e+00   0.0000000e+00  -1.6406095e+00
   9.2000000e+00   2.5657178e+00   4.9023451e+01   1.1798241e+02   0.0000000e+00   0.0000000e+00  -1.6406095e+00
   9.3000000e+00   2.5656912e+00   4.9023450e+01   1.1798170e+02   0.0000000e+00   0.0000000e+00  -1.6406095e+00
   9.4000000e+00   2.5656643e+00   4.9023449e+01   1.1798097e+02   0.0000000e+00   0.0000000e+00  -1.6406095e+00
   9.5000000e+00   2.5656371e+00   4.9023448e+01   1.1798023e+02   0.0000000e+00   0.0000000e+00  -1.6406095e+00
   9.6000000e+00   2.5656097e+00   4.9023446e+01   1.1797947e+02   0.0000000e+00   0.0000000e+00  -1.6406095e+00
   9.7000000e+00   2.5655820e+00   4.9023445e+01   1.1797868e+02   0.0000000e+00   0.0000000e+00  -1.6406095e+00
   9.8000000e+00   2.5655540e+00   4.9023444e+01   1.1797788e+02   0.0000000e+00   0.0000000e+00  -1.6406095e+00
   9.9000000e+00   2.5655258e+00   4.9023443e+01   1.1797706e+02   0.0000000e+00   0.0000000e+00  -1.6406095e+00
   1.0000000e+01   2.5654974e+00   4.9023441e+01   1.1797621e+02   0.0000000e+00   0.0000000e+00  -1.6406095e+00
   1.0100000e+01   2.5654687e+00   4.9023440e+01   1.1797535e+02   0.0000000e+00   0.0000000e+00  -1.6406095e+00
   1.0200000e+01   2.5654398e+00   4.9023439e+01   1.1797447e+02   0.0000000e+00   0.0000000e+00  -1.6406095e+00
   1.0300000e+01   2.5654107e+00   4.9023437e+01   1.1797357e+02   0.0000000e+00   0.0000000e+00  -1.6406095e+00
   1.0400000e+01   2.5653814e+00   4.9023436e+01   1.1797264e+02   0.0000000e+00   0.0000000e+00  -1.6406095e+00
   1.0500000e+01   2.5653519e+00   4.9023435e+01   1.1797170e+02   0.0000000e+00   0.0000000e+00  -1.6406095e+00
   1.0600000e+01   2.5653222e+00   4.9023433e+01   1.1797073e+02   0.0000000e+00   0.0000000e+00  -1.6406095e+00
   1.0700000e+01   2.5652923e+00   4.9023432e+01   1.1796974e+02   0.0000000e+00   0.0000000e+00  -1.6406095e+00
   1.0800000e+01   2.5652623e+00   4.9023430e+01   1.1796874e+02   0.0000000e+00   0.0000000e+00  -1.6406095e+00
   1.0900000e+01   2.5652321e+00   4.9023429e+01   1.1796771e+02   0.0000000e+00   0.0000000e+00  -1.6406095e+00
   1.1000000e+01   2.5652017e+00   4.9023428e+01   1.1796666e+02   0.0000000e+00   0.0000000e+00  -1.6406095e+00
   1.1100000e+01   2.5651712e+00   4.9023426e+01   1.1796559e+02   0.0000000e+00   0.0000000e+00  -1.6406095e+00
   1.1200000e+01   2.5651405e+00   4.9023425e+01   1.1796449e+02   0.0000000e+00   0.0000000e+00  -1.6406095e+00
   1.1300000e+01   2.5651098e+00   4.9023423e+01   1.1796338e+02   0.0000000e+00   0.0000000e+00  -1.6406095e+00
   1.1400000e+01   2.5650789e+00   4.9023422e+01   1.1796224e+02   0.0000000e+00   0.0000000e+00  -1.6406095e+00
   1.1500000e+01   2.5650479e+00   4.9023420e+01   1.1796108e+02   0.0000000e+00   0.0000000e+00  -1.6406095e+00
   1.1600000e+01   2.5650168e+00   4.9023419e+01   1.1795990e+02   0.0000000e+00   0.0000000e+00  -1.6406095e+00
   1.1700000e+01   2.5649857e+00   4.9023418e+01   1.1795870e+02   0.0000000e+00   0.0000000e+00  -1.6406095e+00
   1.1800000e+01   2.5649544e+00   4.9023416e+01   1.1795748e+02   0.0000000e+00   0.0000000e+00  -1.6406095e+00
   1.1900000e+01   2.5649231e+00   4.9023415e+01   1.1795623e+02   0.0000000e+00   0.0000000e+00  -1.6406095e+00
   1.2000000e+01   2.5648917e+00   4.9023413e+01   1.1795497e+02   0.0000000e+00   0.0000000e+00  -1.6406095e+00
   1.2100000e+01   2.5648603e+00   4.9023412e+01   1.1795367e+02   0.0000000e+00   0.0000000e+00  -1.6406095e+00
   1.2200000e+01   2.5648289e+00   4.9023410e+01   1.1795236e+02   0.0000000e+00   0.0000000e+00  -1.6406095e+00
   1.2300000e+01   2.5647974e+00   4.9023409e+01   1.1795103e+02   0.0000000e+00   0.0000000e+00  -1.6406095e+00
   1.2400000e+01   2.5647659e+00   4.9023407e+01   1.1794967e+02   0.0000000e+00   0.0000000e+00  -1.6406095e+00
   1.2500000e+01   2.5647343e+00   4.9023406e+01   1.1794833e+02   0.0000000e+00   3.7535282e-03  -1.6406095e+00
   1.2600000e+01   2.5647024e+00   4.9023404e+01   1.1794718e+02   0.0000000e+00   1.4906481e-02  -1.6406095e+00
   1.2700000e+01   2.5646702e+00   4.9023403e+01   1.1794651e+02   0.0000000e+00   3.3139049e-02  -1.6406095e+00
   1.2800000e+01   2.5646375e+00   4.9023401e+01   1.1794670e+02   0.0000000e+00   5.7928417e-02  -1.6406095e+00
   1.2900000e+01   2.5646043e+00   4.9023400e+01   1.1794817e+02   0.0000000e+00   8.8563753e-02  -1.6406095e+00
   1.3000000e+01   2.5645704e+00   4.9023398e+01   1.1795133e+02   0.0000000e+00   1.2416659e-01  -1.6406095e+00
   1.3100000e+01   2.5645358e+00   4.9023397e+01   1.1795655e+02   0.0000000e+00   1.6371603e-01  -1.6406095e+00
   1.3200000e+01   2.5645005e+00   4.9023395e+01   1.1796408e+02   0.0000000e+00   2.0607800e-01  -1.6406095e+00
   1.3300000e+01   2.5644645e+00   4.9023393e+01   1.1797407e+02   0.0000000e+00   2.5003776e-01  -1.6406095e+00
   1.3400000e+01   2.5644277e+00   4.9023392e+01   1.1798653e+02   0.0000000e+00   2.9433479e-01  -1.6406095e+00
   1.3500000e+01   2.5643902e+00   4.9023390e+01   1.1800130e+02   0.0000000e+00   3.3769887e-01  -1.6406095e+00
   1.3600000e+01   2.5643521e+00   4.9023388e+01   1.1801813e+02   0.0000000e+00   3.7888655e-01  -1.6406095e+00
   1.3700000e+01   2.5643133e+00   4.9023386e+01   1.1803666e+02   0.0000000e+00   4.1671677e-01  -1.6406095e+00
   1.3800000e+01   2.5642741e+00   4.9023385e+01   1.1805647e+02   0.0000000e+00   4.5010476e-01  -1.6406095e+00
   1.3900000e+01   2.5642344e+00   4.9023383e+01   1.1807714e+02   0.0000000e+00   4.7809312e-01  -1.6406095e+00
   1.4000000e+01   2.5641944e+00   4.9023381e+01   1.1809830e+02   0.0000000e+00   4.9987929e-01  -1.6406095e+00
   1.4100000e+01   2.5641543e+00   4.9023379e+01   1.1811965e+02   0.0000000e+00   5.1483856e-01  -1.6406095e+00
   1.4200000e+01   2.5641140e+00   4.9023377e+01   1.1814101e+02   0.0000000e+00   5.2254197e-01  -1.6406095e+00
