   1.0000000e-01   1.0000000e+00   9.7841844e+00   0.0000000e+00
   2.0000000e-01   1.2339554e+00   9.7841828e+00   4.6658220e-07
   3.0000000e-01   1.4664932e+00   9.7841779e+00   1.8635747e-06
   4.0000000e-01   1.6962046e+00   9.7841697e+00   4.1827305e-06
   5.0000000e-01   1.9216978e+00   9.7841583e+00   7.4103537e-06
   6.0000000e-01   2.1416064e+00   9.7841439e+00   1.1527375e-05
   7.0000000e-01   2.3545982e+00   9.7841263e+00   1.6509453e-05
   8.0000000e-01   2.5593826e+00   9.7841059e+00   2.2327112e-05
   9.0000000e-01   2.7547187e+00   9.7840826e+00   2.8945898e-05
   1.0000000e+00   2.9394232e+00   9.7840566e+00   3.6326571e-05
   1.1000000e+00   3.1123769e+00   9.7840281e+00   4.4425321e-05
   1.2000000e+00   3.2725318e+00   9.7839972e+00   5.3194012e-05
   1.3000000e+00   3.4189177e+00   9.7839642e+00   6.2580452e-05
   1.4000000e+00   3.5506475e+00   9.7839292e+00   7.2528684e-05
   1.5000000e+00   3.6669231e+00   9.7838924e+00   8.2979304e-05
   1.6000000e+00   3.7670401e+00   9.7838541e+00   9.3869803e-05
   1.7000000e+00   3.8503918e+00   9.7838145e+00   1.0513492e-04
   1.8000000e+00   3.9164732e+00   9.7837737e+00   1.1670702e-04
   1.9000000e+00   3.9648839e+00   9.7837322e+00   1.2851651e-04
   2.0000000e+00   3.9953306e+00   9.7836900e+00   1.4049220e-04
   2.1000000e+00   4.0076288e+00   9.7836476e+00   1.5256179e-04
   2.2000000e+00   4.0017041e+00   9.7836050e+00   1.6465223e-04
   2.3000000e+00   3.9775922e+00   9.7835627e+00   1.7669023e-04
   2.4000000e+00   3.9354394e+00   9.7835207e+00   1.8860266e-04
   2.5000000e+00   3.8755009e+00   9.7834795e+00   2.0031700e-04
   2.6000000e+00   3.7981401e+00   9.7834392e+00   2.1176183e-04
   2.7000000e+00   3.7038255e+00   9.7834002e+00   2.2286721e-04
   2.8000000e+00   3.5931287e+00   9.7833625e+00   2.3356515e-04
   2.9000000e+00   3.4667202e+00   9.7833265e+00   2.4379007e-04
   3.0000000e+00   3.3253662e+00   9.7832924e+00   2.5347916e-04
   3.1000000e+00   3.1699229e+00   9.7832604e+00   2.6257281e-04
   3.2000000e+00   3.0013322e+00   9.7832307e+00   2.7101499e-04
   3.3000000e+00   2.8206156e+00   9.7832035e+00   2.7875362e-04
   3.4000000e+00   2.6288681e+00   9.7831789e+00   2.8574088e-04
   3.5000000e+00   2.4272513e+00   9.7831571e+00   2.9193355e-04
   3.6000000e+00   2.2169870e+00   9.7831383e+00   2.9729331e-04
   3.7000000e+00   1.9993490e+00   9.7831224e+00   3.0178693e-04
   3.8000000e+00   1.7756561e+00   9.7831098e+00   3.0538653e-04
   3.9000000e+00   1.5472635e+00   9.7831003e+00   3.0806979e-04
   4.0000000e+00   1.3155551e+00   9.7830942e+00   3.0982005e-04
   4.1349905e+00   4.1377525e-02   9.8481350e+00   3.1076249e-04
   4.2349905e+00   9.0858879e-02   9.9130510e+00   3.1099571e-04
   4.3349905e+00   1.4828488e-01   9.9776919e+00   3.1138250e-04
   4.4349905e+00   2.1347062e-01   1.0041889e+01   3.1192001e-04
   4.5349905e+00   2.8620583e-01   1.0105451e+01   3.1260425e-04
   4.6349905e+00   3.6625530e-01   1.0168167e+01   3.1343017e-04
   4.7349905e+00   4.5335930e-01   1.0229805e+01   3.1439164e-04
   4.8349905e+00   5.4723402e-01   1.0290112e+01   3.1548152e-04
   4.9349905e+00   6.4757205e-01   1.0348819e+01   3.1669171e-04
   5.0349905e+00   7.5404301e-01   1.0405640e+01   3.1801318e-04
   5.1349905e+00   8.6629418e-01   1.0460277e+01   3.1943609e-04
   5.2349905e+00   9.8395122e-01   1.0512419e+01   3.2094981e-04
   5.3349905e+00   1.1066191e+00   1.0561747e+01   3.2254303e-04
   5.4349905e+00   1.2338831e+00   1.0607936e+01   3.2420388e-04
   5.5349905e+00   1.3653100e+00   1.0650660e+01   3.2591998e-04
   5.6349905e+00   1.5004492e+00   1.0689593e+01   3.2767861e-04
   5.7349905e+00   1.6388347e+00   1.0724416e+01   3.2946678e-04
   5.8349905e+00   1.7799863e+00   1.0754815e+01   3.3127138e-04
   5.9349905e+00   1.9234115e+00   1.0780492e+01   3.3307932e-04
   6.0349905e+00   2.0686078e+00   1.0801163e+01   3.3487764e-04
   6.1349905e+00   2.2150645e+00   1.0816562e+01   3.3665368e-04
   6.2349905e+00   2.3622653e+00   1.0826448e+01   3.3839517e-04
   6.3349905e+00   2.5096906e+00   1.0830605e+01   3.4009043e-04
   6.4349905e+00   2.6568201e+00   1.0828847e+01   3.4172844e-04
   6.5349905e+00   2.8031353e+00   1.0821019e+01   3.4329902e-04
   6.6349905e+00   2.9481221e+00   1.0807002e+01   3.4479291e-04
   6.7349905e+00   3.0912737e+00   1.0786713e+01   3.4620188e-04
   6.8349905e+00   3.2320930e+00   1.0760108e+01   3.4751886e-04
   6.9349905e+00   3.3700955e+00   1.0727182e+01   3.4873798e-04
   7.0349905e+00   3.5048110e+00   1.0687972e+01   3.4985467e-04
   7.1349905e+00   3.6357870e+00   1.0642557e+01   3.5086565e-04
   7.2349905e+00   3.7625901e+00   1.0591057e+01   3.5176904e-04
   7.3349905e+00   3.8848082e+00   1.0533636e+01   3.5256428e-04
   7.4349905e+00   4.0020522e+00   1.0470495e+01   3.5325217e-04
   7.5349905e+00   4.1139577e+00   1.0401879e+01   3.5383482e-04
   7.6349905e+00   4.2201862e+00   1.0328068e+01   3.5431560e-04
   7.7349905e+00   4.3204260e+00   1.0249382e+01   3.5469905e-04
   7.8349905e+00   4.4143926e+00   1.0166174e+01   3.5499080e-04
   7.9349905e+00   4.5018300e+00   1.0078827e+01   3.5519746e-04
   8.0349905e+00   4.5825099e+00   9.9877564e+00   3.5532649e-04
   8.1349905e+00   4.6562322e+00   9.8934019e+00   3.5538606e-04
   8.2349905e+00   4.7228244e+00   9.7962263e+00   3.5538489e-04
   8.3349905e+00   4.7821412e+00   9.6967117e+00   3.5533214e-04
   8.4349905e+00   4.8340634e+00   9.5953560e+00   3.5523716e-04
   8.5349905e+00   4.8784976e+00   9.4926688e+00   3.5510943e-04
   8.6349905e+00   4.9153742e+00   9.3891680e+00   3.5495829e-04
   8.7349905e+00   4.9446471e+00   9.2853756e+00   3.5479285e-04
   8.8349905e+00   4.9662921e+00   9.1818137e+00   3.5462181e-04
   8.9349905e+00   4.9803054e+00   9.0790010e+00   3.5445330e-04
   9.0349905e+00   4.9867027e+00   8.9774488e+00   3.5429473e-04
   9.1349905e+00   4.9855177e+00   8.8776571e+00   3.5415270e-04
   9.2349905e+00   4.9768010e+00   8.7801109e+00   3.5403287e-04
   9.3349905e+00   4.9606191e+00   8.6852774e+00   3.5393984e-04
   9.4349905e+00   4.9370531e+00   8.5936016e+00   3.5387712e-04
   9.5349905e+00   4.9061982e+00   8.5055041e+00   3.5384701e-04
