   0.0000000e+00   0.0000000e+00   9.8008109e+00   0.0000000e+00
   1.0000000e-01   0.0000000e+00   9.8008109e+00   0.0000000e+00
   2.0000000e-01   0.0000000e+00   9.8008109e+00   0.0000000e+00
   3.0000000e-01   3.2859894e-02   9.8008107e+00   1.0842022e-19
   4.0000000e-01   6.5712757e-02   9.8008101e+00   1.0842022e-19
   5.0000000e-01   9.8551863e-02   9.8008092e+00   0.0000000e+00
   6.0000000e-01   1.3137049e-01   9.8008079e+00   4.3368087e-19
   7.0000000e-01   1.6416191e-01   9.8008062e+00   2.1684043e-19
   8.0000000e-01   1.9691941e-01   9.8008042e+00   8.6736174e-19
   9.0000000e-01   2.2963629e-01   9.8008018e+00   4.3368087e-19
   1.0000000e+00   2.6230584e-01   9.8007990e+00   0.0000000e+00
   1.1000000e+00   2.9492138e-01   9.8007958e+00   4.3368087e-19
   1.2000000e+00   3.2747622e-01   9.8007923e+00   0.0000000e+00
   1.3000000e+00   3.5996370e-01   9.8007884e+00   8.6736174e-19
   1.4000000e+00   3.9237717e-01   9.8007841e+00   8.6736174e-19
   1.5000000e+00   4.2470999e-01   9.8007795e+00   8.6736174e-19
   1.6000000e+00   4.5695553e-01   9.8007745e+00   8.6736174e-19
   1.7000000e+00   4.8910720e-01   9.8007691e+00   8.6736174e-19
   1.8000000e+00   5.2115841e-01   9.8007634e+00   8.6736174e-19
   1.9000000e+00   5.5310260e-01   9.8007573e+00   0.0000000e+00
   2.0000000e+00   5.8493323e-01   9.8007508e+00   1.7347235e-18
   2.1000000e+00   6.1664377e-01   9.8007440e+00   1.7347235e-18
   2.2000000e+00   6.4822774e-01   9.8007368e+00   8.6736174e-19
   2.3000000e+00   6.7967866e-01   9.8007293e+00   1.7347235e-18
   2.4000000e+00   7.1099010e-01   9.8007214e+00   0.0000000e+00
   2.5000000e+00   7.4215565e-01   9.8007132e+00   1.7347235e-18
   2.6000000e+00   7.7316892e-01   9.8007046e+00   1.7347235e-18
   2.7000000e+00   8.0402356e-01   9.8006956e+00   1.7347235e-18
   2.8000000e+00   8.3471325e-01   9.8006863e+00   1.7347235e-18
   2.9000000e+00   8.6523171e-01   9.8006767e+00   3.4694470e-18
   3.0000000e+00   8.9557269e-01   9.8006667e+00   1.7347235e-18
   3.1000000e+00   9.2572998e-01   9.8006564e+00   1.7347235e-18
   3.2000000e+00   9.5569740e-01   9.8006457e+00   1.7347235e-18
   3.3000000e+00   9.8546881e-01   9.8006347e+00   1.7347235e-18
   3.4000000e+00   1.0150381e+00   9.8006233e+00   1.7347235e-18
   3.5000000e+00   1.0443993e+00   9.8006117e+00   1.7347235e-18
   3.6000000e+00   1.0735463e+00   9.8005996e+00   5.2041704e-18
   3.7000000e+00   1.1024731e+00   9.8005873e+00   0.0000000e+00
   3.8000000e+00   1.1311739e+00   9.8005746e+00   1.7347235e-18
   3.9000000e+00   1.1596427e+00   9.8005616e+00   1.7347235e-18
   4.0000000e+00   1.1878738e+00   9.8005483e+00   1.7347235e-18
   4.1000000e+00   1.2158613e+00   9.8005347e+00   0.0000000e+00
   4.2000000e+00   1.2435996e+00   9.8005207e+00   0.0000000e+00
   4.3000000e+00   1.2710828e+00   9.8005065e+00   1.7347235e-18
   4.4000000e+00   1.2983055e+00   9.8004919e+00   3.4694470e-18
   4.5000000e+00   1.3252621e+00   9.8004770e+00   3.4694470e-18
   4.6000000e+00   1.3519469e+00   9.8004618e+00   3.4694470e-18
   4.7000000e+00   1.3783546e+00   9.8004463e+00   0.0000000e+00
   4.8000000e+00   1.4044797e+00   9.8004305e+00   6.9388939e-18
   4.9000000e+00   1.4303170e+00   9.8004144e+00   0.0000000e+00
   5.0000000e+00   1.4558610e+00   9.8003981e+00   3.4694470e-18
   5.1000000e+00   1.4811066e+00   9.8003814e+00   0.0000000e+00
   5.2000000e+00   1.5060486e+00   9.8003644e+00   6.9388939e-18
   5.3000000e+00   1.5306819e+00   9.8003472e+00   0.0000000e+00
   5.4000000e+00   1.5550015e+00   9.8003297e+00   3.4694470e-18
   5.5000000e+00   1.5790023e+00   9.8003119e+00   3.4694470e-18
   5.6000000e+00   1.6026795e+00   9.8002939e+00   3.4694470e-18
   5.7000000e+00   1.6260282e+00   9.8002755e+00   3.4694470e-18
   5.8000000e+00   1.6490436e+00   9.8002570e+00   6.9388939e-18
   5.9000000e+00   1.6717210e+00   9.8002381e+00   3.4694470e-18
   6.0000000e+00   1.6940558e+00   9.8002190e+00   3.4694470e-18
   6.1000000e+00   1.7160434e+00   9.8001997e+00   3.4694470e-18
   6.2000000e+00   1.7376793e+00   9.8001801e+00   3.4694470e-18
   6.3000000e+00   1.7589591e+00   9.8001602e+00   3.4694470e-18
   6.4000000e+00   1.7798783e+00   9.8001401e+00   3.4694470e-18
   6.5000000e+00   1.8004328e+00   9.8001198e+00   3.4694470e-18
   6.6000000e+00   1.8206183e+00   9.8000993e+00   3.4694470e-18
   6.7000000e+00   1.8404306e+00   9.8000785e+00   6.9388939e-18
   6.8000000e+00   1.8598658e+00   9.8000575e+00   3.4694470e-18
   6.9000000e+00   1.8789198e+00   9.8000363e+00   3.4694470e-18
   7.0000000e+00   1.8975888e+00   9.8000148e+00   0.0000000e+00
   7.1000000e+00   1.9158689e+00   9.7999932e+00   3.4694470e-18
   7.2000000e+00   1.9337563e+00   9.7999713e+00   6.9388939e-18
   7.3000000e+00   1.9512475e+00   9.7999493e+00   0.0000000e+00
   7.4000000e+00   1.9683388e+00   9.7999270e+00   0.0000000e+00
   7.5000000e+00   1.9850267e+00   9.7999046e+00   3.4694470e-18
   7.6000000e+00   2.0013079e+00   9.7998820e+00   3.4694470e-18
   7.7000000e+00   2.0171789e+00   9.7998591e+00   0.0000000e+00
   7.8000000e+00   2.0326365e+00   9.7998362e+00   0.0000000e+00
   7.9000000e+00   2.0476776e+00   9.7998130e+00   0.0000000e+00
   8.0000000e+00   2.0622991e+00   9.7997897e+00   0.0000000e+00
   8.1000000e+00   2.0764980e+00   9.7997662e+00   0.0000000e+00
   8.2000000e+00   2.0902713e+00   9.7997425e+00   3.4694470e-18
   8.3000000e+00   2.1036163e+00   9.7997187e+00   6.9388939e-18
   8.4000000e+00   2.1165303e+00   9.7996947e+00   6.9388939e-18
   8.5000000e+00   2.1290105e+00   9.7996706e+00   6.9388939e-18
   8.6000000e+00   2.1410544e+00   9.7996464e+00   3.4694470e-18
   8.7000000e+00   2.1526596e+00   9.7996220e+00   6.9388939e-18
   8.8000000e+00   2.1638237e+00   9.7995975e+00   3.4694470e-18
   8.9000000e+00   2.1745444e+00   9.7995729e+00   3.4694470e-18
   9.0000000e+00   2.1848195e+00   9.7995481e+00   6.9388939e-18
   9.1000000e+00   2.1946469e+00   9.7995233e+00   3.4694470e-18
   9.2000000e+00   2.2040246e+00   9.7994983e+00   3.4694470e-18
   9.3000000e+00   2.2129506e+00   9.7994732e+00   3.4694470e-18
   9.4000000e+00   2.2214232e+00   9.7994480e+00   3.4694470e-18
   9.5000000e+00   2.2294406e+00   9.7994227e+00   6.9388939e-18
   9.6000000e+00   2.2370011e+00   9.7993974e+00   3.4694470e-18
   9.7000000e+00   2.2441033e+00   9.7993719e+00   3.4694470e-18
   9.8000000e+00   2.2507456e+00   9.7993464e+00   6.9388939e-18
   9.9000000e+00   2.2569267e+00   9.7993208e+00   0.0000000e+00
   1.0000000e+01   2.2626453e+00   9.7992951e+00   3.4694470e-18
   1.0100000e+01   2.2679003e+00   9.7992694e+00   6.9388939e-18
   1.0200000e+01   2.2726906e+00   9.7992436e+00   3.4694470e-18
   1.0300000e+01   2.2770152e+00   9.7992178e+00   0.0000000e+00
   1.0400000e+01   2.2808733e+00   9.7991919e+00   3.4694470e-18
   1.0500000e+01   2.2842639e+00   9.7991659e+00   6.9388939e-18
   1.0600000e+01   2.2871865e+00   9.7991400e+00   0.0000000e+00
   1.0700000e+01   2.2896404e+00   9.7991140e+00  -3.4694470e-18
   1.0800000e+01   2.2916251e+00   9.7990880e+00   0.0000000e+00
   1.0900000e+01   2.2931403e+00   9.7990619e+00   0.0000000e+00
   1.1000000e+01   2.2941856e+00   9.7990359e+00   6.9388939e-18
   1.1100000e+01   2.2947608e+00   9.7990098e+00   3.4694470e-18
   1.1200000e+01   2.2948658e+00   9.7989837e+00   0.0000000e+00
   1.1300000e+01   2.2945005e+00   9.7989576e+00   6.9388939e-18
   1.1400000e+01   2.2936651e+00   9.7989316e+00   3.4694470e-18
   1.1500000e+01   2.2923597e+00   9.7989055e+00   6.9388939e-18
   1.1600000e+01   2.2905845e+00   9.7988795e+00   3.4694470e-18
   1.1700000e+01   2.2883401e+00   9.7988535e+00   6.9388939e-18
   1.1800000e+01   2.2856267e+00   9.7988275e+00   0.0000000e+00
   1.1900000e+01   2.2824449e+00   9.7988015e+00   6.9388939e-18
   1.2000000e+01   2.2787955e+00   9.7987756e+00   3.4694470e-18
   1.2100000e+01   2.2746791e+00   9.7987497e+00   0.0000000e+00
   1.2200000e+01   2.2700966e+00   9.7987239e+00   3.4694470e-18
   1.2300000e+01   2.2650490e+00   9.7986981e+00   3.4694470e-18
   1.2400000e+01   2.2595372e+00   9.7986724e+00   0.0000000e+00
   1.2500000e+01   2.2535624e+00   9.7986468e+00   3.4694470e-18
   1.2600000e+01   2.2471259e+00   9.7986212e+00   0.0000000e+00
   1.2700000e+01   2.2402289e+00   9.7985957e+00   3.4694470e-18
   1.2800000e+01   2.2328728e+00   9.7985703e+00   6.9388939e-18
   1.2900000e+01   2.2250592e+00   9.7985449e+00   3.4694470e-18
   1.3000000e+01   2.2167896e+00   9.7985197e+00   6.9388939e-18
   1.3100000e+01   2.2080658e+00   9.7984945e+00   3.4694470e-18
   1.3200000e+01   2.1988896e+00   9.7984695e+00   0.0000000e+00
   1.3300000e+01   2.1892627e+00   9.7984446e+00   6.9388939e-18
   1.3400000e+01   2.1791873e+00   9.7984197e+00   6.9388939e-18
   1.3500000e+01   2.1686653e+00   9.7983950e+00   0.0000000e+00
   1.3600000e+01   2.1576989e+00   9.7983704e+00   3.4694470e-18
   1.3700000e+01   2.1462903e+00   9.7983460e+00   0.0000000e+00
   1.3800000e+01   2.1344420e+00   9.7983216e+00   6.9388939e-18
   1.3900000e+01   2.1221562e+00   9.7982974e+00   0.0000000e+00
   1.4000000e+01   2.1094356e+00   9.7982734e+00   6.9388939e-18
   1.4100000e+01   2.0962828e+00   9.7982495e+00   3.4694470e-18
   1.4200000e+01   2.0827003e+00   9.7982257e+00   3.4694470e-18
   1.4300000e+01   2.0686911e+00   9.7982021e+00   3.4694470e-18
   1.4400000e+01   2.0542579e+00   9.7981787e+00   0.0000000e+00
   1.4500000e+01   2.0394038e+00   9.7981554e+00   0.0000000e+00
   1.4600000e+01   2.0241317e+00   9.7981323e+00   3.4694470e-18
   1.4700000e+01   2.0084449e+00   9.7981093e+00   3.4694470e-18
   1.4800000e+01   1.9923465e+00   9.7980866e+00   6.9388939e-18
   1.4900000e+01   1.9758398e+00   9.7980640e+00   6.9388939e-18
   1.5000000e+01   1.9589281e+00   9.7980417e+00   3.4694470e-18
   1.5100000e+01   1.9416151e+00   9.7980195e+00   0.0000000e+00
   1.5200000e+01   1.9239041e+00   9.7979975e+00   3.4694470e-18
   1.5300000e+01   1.9057989e+00   9.7979757e+00   6.9388939e-18
   1.5400000e+01   1.8873031e+00   9.7979541e+00   6.9388939e-18
   1.5500000e+01   1.8684205e+00   9.7979328e+00   3.4694470e-18
   1.5600000e+01   1.8491550e+00   9.7979116e+00   3.4694470e-18
   1.5700000e+01   1.8295105e+00   9.7978907e+00   3.4694470e-18
   1.5800000e+01   1.8094911e+00   9.7978700e+00   3.4694470e-18
   1.5900000e+01   1.7891009e+00   9.7978495e+00   3.4694470e-18
   1.6000000e+01   1.7683440e+00   9.7978293e+00   0.0000000e+00
   1.6100000e+01   1.7472246e+00   9.7978093e+00   0.0000000e+00
   1.6200000e+01   1.7257472e+00   9.7977895e+00   6.9388939e-18
   1.6300000e+01   1.7039161e+00   9.7977700e+00   0.0000000e+00
   1.6400000e+01   1.6817358e+00   9.7977508e+00   0.0000000e+00
   1.6500000e+01   1.6592108e+00   9.7977318e+00   0.0000000e+00
   1.6600000e+01   1.6363457e+00   9.7977130e+00   3.4694470e-18
   1.6700000e+01   1.6131452e+00   9.7976945e+00   3.4694470e-18
   1.6800000e+01   1.5896141e+00   9.7976763e+00   3.4694470e-18
   1.6900000e+01   1.5657572e+00   9.7976583e+00   3.4694470e-18
   1.7000000e+01   1.5415793e+00   9.7976407e+00   0.0000000e+00
   1.7100000e+01   1.5170855e+00   9.7976232e+00   3.4694470e-18
   1.7200000e+01   1.4922807e+00   9.7976061e+00   3.4694470e-18
   1.7300000e+01   1.4671700e+00   9.7975893e+00   3.4694470e-18
   1.7400000e+01   1.4417585e+00   9.7975727e+00   0.0000000e+00
   1.7500000e+01   1.4160515e+00   9.7975565e+00   3.4694470e-18
   1.7600000e+01   1.3900543e+00   9.7975405e+00   6.9388939e-18
   1.7700000e+01   1.3637721e+00   9.7975248e+00   3.4694470e-18
   1.7800000e+01   1.3372103e+00   9.7975094e+00   3.4694470e-18
   1.7900000e+01   1.3103744e+00   9.7974944e+00   1.7347235e-18
   1.8000000e+01   1.2832699e+00   9.7974796e+00   3.4694470e-18
   1.8100000e+01   1.2559022e+00   9.7974651e+00   3.4694470e-18
   1.8200000e+01   1.2282771e+00   9.7974510e+00   1.7347235e-18
   1.8300000e+01   1.2004002e+00   9.7974372e+00   1.7347235e-18
   1.8400000e+01   1.1722772e+00   9.7974236e+00   3.4694470e-18
   1.8500000e+01   1.1439138e+00   9.7974105e+00   3.4694470e-18
   1.8600000e+01   1.1153158e+00   9.7973976e+00   0.0000000e+00
   1.8700000e+01   1.0864892e+00   9.7973850e+00   1.7347235e-18
   1.8800000e+01   1.0574397e+00   9.7973728e+00   1.7347235e-18
   1.8900000e+01   1.0281735e+00   9.7973609e+00   3.4694470e-18
   1.9000000e+01   9.9869636e-01   9.7973494e+00   1.7347235e-18
   1.9100000e+01   9.6901443e-01   9.7973382e+00   1.7347235e-18
   1.9200000e+01   9.3913376e-01   9.7973273e+00   0.0000000e+00
   1.9300000e+01   9.0906049e-01   9.7973168e+00   1.7347235e-18
   1.9400000e+01   8.7880075e-01   9.7973066e+00   0.0000000e+00
   1.9500000e+01   8.4836076e-01   9.7972967e+00   1.7347235e-18
   1.9600000e+01   8.1774675e-01   9.7972872e+00   1.7347235e-18
   1.9700000e+01   7.8696497e-01   9.7972781e+00   1.7347235e-18
   1.9800000e+01   7.5602175e-01   9.7972693e+00   3.4694470e-18
   1.9900000e+01   7.2492340e-01   9.7972608e+00   1.7347235e-18
   2.0000000e+01   6.9367631e-01   9.7972528e+00   1.7347235e-18
   2.0100000e+01   6.6228686e-01   9.7972450e+00   0.0000000e+00
   2.0200000e+01   6.3076150e-01   9.7972376e+00   0.0000000e+00
   2.0300000e+01   5.9910667e-01   9.7972306e+00   1.7347235e-18
   2.0400000e+01   5.6732885e-01   9.7972240e+00   8.6736174e-19
   2.0500000e+01   5.3543456e-01   9.7972177e+00   8.6736174e-19
   2.0600000e+01   5.0343032e-01   9.7972117e+00   8.6736174e-19
   2.0700000e+01   4.7132269e-01   9.7972061e+00   8.6736174e-19
   2.0800000e+01   4.3911824e-01   9.7972009e+00   8.6736174e-19
   2.0900000e+01   4.0682357e-01   9.7971961e+00   1.7347235e-18
   2.1000000e+01   3.7444529e-01   9.7971916e+00   1.7347235e-18
   2.1100000e+01   3.4199003e-01   9.7971875e+00   8.6736174e-19
   2.1200000e+01   3.0946444e-01   9.7971838e+00   0.0000000e+00
   2.1300000e+01   2.7687518e-01   9.7971804e+00   4.3368087e-19
   2.1400000e+01   2.4422891e-01   9.7971774e+00   8.6736174e-19
   2.1500000e+01   2.1153234e-01   9.7971748e+00   4.3368087e-19
   2.1600000e+01   1.7879214e-01   9.7971726e+00   4.3368087e-19
   2.1700000e+01   1.4601503e-01   9.7971707e+00   0.0000000e+00
   2.1800000e+01   1.1320772e-01   9.7971692e+00   0.0000000e+00
   2.1900000e+01   8.0376931e-02   9.7971680e+00   1.0842022e-19
   2.1953606e+01   8.0376931e-02   9.7971680e+00   1.0842022e-19
   2.2053606e+01   4.7529377e-02   9.7971673e+00   1.0842022e-19
   2.2153606e+01  -2.9436407e-03   9.7971669e+00  -8.2881364e-06
   2.2253606e+01   2.9951143e-02   9.7971671e+00  -8.2880971e-06
   2.2353606e+01   6.4531233e-02   9.7971478e+00  -8.2880578e-06
   2.2453606e+01   1.0077355e-01   9.7970937e+00  -8.2881404e-06
   2.2553606e+01   1.3865388e-01   9.7969859e+00  -7.9713379e-06
   2.2653606e+01   1.7814675e-01   9.7968047e+00  -7.0210301e-06
   2.2753606e+01   2.1922570e-01   9.7965298e+00  -5.4372802e-06
   2.2853606e+01   2.6186315e-01   9.7961407e+00  -3.2201948e-06
   2.2953606e+01   3.0603040e-01   9.7956160e+00  -3.6992755e-07
   2.3053606e+01   3.5169759e-01   9.7949341e+00   3.1133166e-06
   2.3153606e+01   3.9883375e-01   9.7940728e+00   7.2292759e-06
   2.3253606e+01   4.4740678e-01   9.7930100e+00   1.1977625e-05
   2.3353606e+01   4.9738347e-01   9.7917230e+00   1.7357966e-05
   2.3453606e+01   5.4872948e-01   9.7901892e+00   2.3369821e-05
   2.3553606e+01   6.0140940e-01   9.7883858e+00   3.0012619e-05
   2.3653606e+01   6.5538671e-01   9.7862901e+00   3.7285690e-05
   2.3753606e+01   7.1062379e-01   9.7838796e+00   4.5188245e-05
   2.3853606e+01   7.6708199e-01   9.7811317e+00   5.3719369e-05
   2.3953606e+01   8.2472161e-01   9.7780245e+00   6.2878003e-05
   2.4053606e+01   8.8350188e-01   9.7745360e+00   7.2662932e-05
   2.4153606e+01   9.4338107e-01   9.7706448e+00   8.3072765e-05
   2.4253606e+01   1.0043164e+00   9.7663302e+00   9.4105923e-05
   2.4353606e+01   1.0662643e+00   9.7615719e+00   1.0576062e-04
   2.4453606e+01   1.1291799e+00   9.7563501e+00   1.1803484e-04
   2.4553606e+01   1.1930179e+00   9.7506461e+00   1.3092633e-04
   2.4653606e+01   1.2577317e+00   9.7444418e+00   1.4443258e-04
   2.4753606e+01   1.3232742e+00   9.7377200e+00   1.5855077e-04
   2.4853606e+01   1.3895973e+00   9.7304645e+00   1.7327782e-04
   2.4953606e+01   1.4566522e+00   9.7226602e+00   1.8861031e-04
   2.5053606e+01   1.5243894e+00   9.7142929e+00   2.0454448e-04
   2.5153606e+01   1.5927588e+00   9.7053497e+00   2.2107620e-04
   2.5253606e+01   1.6617094e+00   9.6958190e+00   2.3820100e-04
   2.5353606e+01   1.7311900e+00   9.6856903e+00   2.5591398e-04
   2.5453606e+01   1.8011487e+00   9.6749546e+00   2.7420983e-04
   2.5553606e+01   1.8715331e+00   9.6636041e+00   2.9308282e-04
   2.5653606e+01   1.9422905e+00   9.6516325e+00   3.1252676e-04
   2.5753606e+01   2.0133677e+00   9.6390352e+00   3.3253499e-04
   2.5853606e+01   2.0847115e+00   9.6258087e+00   3.5310038e-04
   2.5953606e+01   2.1562680e+00   9.6119515e+00   3.7421529e-04
   2.6053606e+01   2.2279837e+00   9.5974632e+00   3.9587156e-04
   2.6153606e+01   2.2998046e+00   9.5823455e+00   4.1806051e-04
   2.6253606e+01   2.3716769e+00   9.5666013e+00   4.4077292e-04
   2.6353606e+01   2.4435465e+00   9.5502355e+00   4.6399902e-04
   2.6453606e+01   2.5153599e+00   9.5332543e+00   4.8772848e-04
   2.6553606e+01   2.5870633e+00   9.5156660e+00   5.1195039e-04
   2.6653606e+01   2.6586034e+00   9.4974800e+00   5.3665327e-04
   2.6753606e+01   2.7299272e+00   9.4787080e+00   5.6182506e-04
   2.6853606e+01   2.8009819e+00   9.4593628e+00   5.8745310e-04
   2.6953606e+01   2.8717154e+00   9.4394591e+00   6.1352415e-04
   2.7053606e+01   2.9420757e+00   9.4190133e+00   6.4002436e-04
   2.7153606e+01   3.0120119e+00   9.3980433e+00   6.6693932e-04
   2.7253606e+01   3.0814732e+00   9.3765686e+00   6.9425398e-04
   2.7353606e+01   3.1504099e+00   9.3546100e+00   7.2195275e-04
   2.7453606e+01   3.2187728e+00   9.3321903e+00   7.5001943e-04
   2.7553606e+01   3.2865136e+00   9.3093334e+00   7.7843726e-04
   2.7653606e+01   3.3535848e+00   9.2860647e+00   8.0718889e-04
   2.7753606e+01   3.4199401e+00   9.2624109e+00   8.3625643e-04
   2.7853606e+01   3.4855337e+00   9.2384002e+00   8.6562144e-04
   2.7953606e+01   3.5503212e+00   9.2140620e+00   8.9526495e-04
   2.8053606e+01   3.6142592e+00   9.1894267e+00   9.2516748e-04
   2.8153606e+01   3.6773051e+00   9.1645261e+00   9.5530902e-04
   2.8253606e+01   3.7394179e+00   9.1393930e+00   9.8566912e-04
   2.8353606e+01   3.8005575e+00   9.1140610e+00   1.0162268e-03
   2.8453606e+01   3.8606851e+00   9.0885649e+00   1.0469608e-03
   2.8553606e+01   3.9197631e+00   9.0629401e+00   1.0778492e-03
   2.8653606e+01   3.9777552e+00   9.0372229e+00   1.1088699e-03
   2.8753606e+01   4.0346264e+00   9.0114503e+00   1.1400002e-03
   2.8853606e+01   4.0903429e+00   8.9856597e+00   1.1712174e-03
   2.8953606e+01   4.1448724e+00   8.9598894e+00   1.2024981e-03
   2.9053606e+01   4.1981838e+00   8.9341777e+00   1.2338188e-03
   2.9153606e+01   4.2502475e+00   8.9085634e+00   1.2651559e-03
   2.9253606e+01   4.3010349e+00   8.8830858e+00   1.2964852e-03
   2.9353606e+01   4.3505192e+00   8.8577840e+00   1.3277826e-03
   2.9453606e+01   4.3986746e+00   8.8326973e+00   1.3590237e-03
   2.9553606e+01   4.4454767e+00   8.8078651e+00   1.3901840e-03
   2.9653606e+01   4.4909026e+00   8.7833267e+00   1.4212389e-03
   2.9753606e+01   4.5349304e+00   8.7591209e+00   1.4521637e-03
   2.9853606e+01   4.5775398e+00   8.7352866e+00   1.4829336e-03
   2.9953606e+01   4.6187115e+00   8.7118623e+00   1.5135239e-03
   3.0053606e+01   4.6584278e+00   8.6888858e+00   1.5439100e-03
   3.0153606e+01   4.6966717e+00   8.6663946e+00   1.5740670e-03
   3.0253606e+01   4.7334280e+00   8.6444255e+00   1.6039706e-03
   3.0353606e+01   4.7686822e+00   8.6230146e+00   1.6335962e-03
   3.0453606e+01   4.8024211e+00   8.6021974e+00   1.6629195e-03
   3.0553606e+01   4.8346327e+00   8.5820083e+00   1.6919164e-03
   3.0653606e+01   4.8653059e+00   8.5624810e+00   1.7205629e-03
   3.0753606e+01   4.8944307e+00   8.5436481e+00   1.7488355e-03
   3.0853606e+01   4.9219982e+00   8.5255412e+00   1.7767108e-03
   3.0953606e+01   4.9480003e+00   8.5081908e+00   1.8041655e-03
   3.1053606e+01   4.9724300e+00   8.4916261e+00   1.8311770e-03
   3.1153606e+01   4.9952808e+00   8.4758751e+00   1.8577229e-03
   3.1253606e+01   5.0165476e+00   8.4609647e+00   1.8837811e-03
   3.1353606e+01   5.0362256e+00   8.4469202e+00   1.9093299e-03
   3.1453606e+01   5.0543111e+00   8.4337656e+00   1.9343481e-03
   3.1553606e+01   5.0708010e+00   8.4215235e+00   1.9588151e-03
   3.1653606e+01   5.0856929e+00   8.4102150e+00   1.9827104e-03
   3.1753606e+01   5.0989850e+00   8.3998595e+00   2.0060144e-03
   3.1853606e+01   5.1106761e+00   8.3904750e+00   2.0287076e-03
   3.1953606e+01   5.1207659e+00   8.3820779e+00   2.0507714e-03
   3.2053606e+01   5.1292542e+00   8.3746830e+00   2.0721875e-03
   3.2153606e+01   5.1361416e+00   8.3683032e+00   2.0929382e-03
   3.2253606e+01   5.1414292e+00   8.3629500e+00   2.1130065e-03
   3.2353606e+01   5.1451185e+00   8.3586332e+00   2.1323758e-03
   3.2453606e+01   5.1472114e+00   8.3553606e+00   2.1510304e-03
   3.2553606e+01   5.1477103e+00   8.3531385e+00   2.1689549e-03
   3.2653606e+01   5.1466181e+00   8.3519715e+00   2.1861346e-03
   3.2753606e+01   5.1439379e+00   8.3518623e+00   2.2025556e-03
   3.2853606e+01   5.1396733e+00   8.3528119e+00   2.2182045e-03
   3.2953606e+01   5.1338282e+00   8.3548195e+00   2.2330685e-03
   3.3053606e+01   5.1264070e+00   8.3578828e+00   2.2471357e-03
   3.3153606e+01   5.1174142e+00   8.3619975e+00   2.2603946e-03
   3.3253606e+01   5.1068549e+00   8.3671576e+00   2.2728346e-03
   3.3353606e+01   5.0947344e+00   8.3733555e+00   2.2844456e-03
   3.3453606e+01   5.0810584e+00   8.3805819e+00   2.2952182e-03
   3.3553606e+01   5.0658331e+00   8.3888256e+00   2.3051439e-03
   3.3653606e+01   5.0490647e+00   8.3980741e+00   2.3142146e-03
   3.3753606e+01   5.0307602e+00   8.4083130e+00   2.3224231e-03
   3.3853606e+01   5.0109268e+00   8.4195262e+00   2.3297629e-03
   3.3953606e+01   4.9895719e+00   8.4316965e+00   2.3362281e-03
   3.4053606e+01   4.9667037e+00   8.4448046e+00   2.3418135e-03
